---
build/images/favicon.png: 2015-07-18 11:43:57.000000000 -05:00
build/images/header-img.jpg: 2015-07-18 11:43:58.000000000 -05:00
build/images/icons/service-sprite.svg: 2015-07-18 11:44:44.000000000 -05:00
build/images/projects/contentweb-img.jpg: 2015-07-18 11:43:58.000000000 -05:00
build/images/projects/fuel-img.jpg: 2015-07-18 11:43:58.000000000 -05:00
build/images/projects/payvalet-img.jpg: 2015-07-18 11:43:58.000000000 -05:00
