---
build/images/favicon.png: 2015-07-18 11:50:23.000000000 -05:00
build/images/header-img.jpg: 2015-07-18 11:50:24.000000000 -05:00
build/images/icons/service-sprite.svg: 2016-02-06 11:32:25.000000000 -06:00
build/images/projects/payvalet-img.jpg: 2015-07-18 11:50:24.000000000 -05:00
build/images/projects/rv-img.jpg: 2016-02-06 11:32:00.000000000 -06:00
build/images/projects/schlep-img.jpg: 2016-02-06 11:32:00.000000000 -06:00
