---
build/images/favicon.png: 2016-07-15 10:24:48.000000000 -05:00
build/images/header-img.jpg: 2016-07-15 10:24:50.000000000 -05:00
build/images/icons/service-sprite.svg: 2016-07-15 10:24:49.000000000 -05:00
build/images/projects/payvalet-img.jpg: 2016-07-15 10:24:49.000000000 -05:00
build/images/projects/rv-img.jpg: 2016-07-15 10:24:49.000000000 -05:00
build/images/projects/schlep-img.jpg: 2016-07-15 10:24:49.000000000 -05:00
