---
build/images/favicon.png: 2015-07-18 11:50:23.000000000 -05:00
build/images/header-img.jpg: 2015-07-18 11:50:24.000000000 -05:00
build/images/icons/service-sprite.svg: 2015-07-20 09:33:30.000000000 -05:00
build/images/projects/contentweb-img.jpg: 2015-07-18 11:50:24.000000000 -05:00
build/images/projects/fuel-img.jpg: 2015-07-18 11:50:24.000000000 -05:00
build/images/projects/payvalet-img.jpg: 2015-07-18 11:50:24.000000000 -05:00
